,date,open,close,high,low,volume,code
0,2017-01-03,3.974,4.058,4.114,3.942,96161.0,002429
1,2017-01-04,4.062,4.134,4.142,4.05,77027.0,002429
2,2017-01-05,4.134,4.142,4.158,4.058,77580.0,002429
3,2017-01-06,4.11,4.182,4.202,4.102,77487.0,002429
4,2017-01-09,4.186,4.241,4.249,4.15,65266.0,002429
5,2017-01-10,4.229,4.241,4.265,4.206,53751.0,002429
6,2017-01-11,4.245,4.202,4.253,4.202,57073.0,002429
7,2017-01-12,4.202,4.198,4.237,4.174,67536.0,002429
8,2017-01-13,4.198,4.118,4.217,4.098,64758.0,002429
9,2017-01-16,4.078,4.022,4.158,3.89,76314.0,002429
10,2017-01-17,4.022,4.018,4.05,3.97,86855.0,002429
11,2017-01-18,3.99,3.982,4.03,3.95,67885.0,002429
12,2017-01-19,3.982,3.922,4.006,3.87,102705.0,002429
13,2017-01-20,3.922,3.974,4.034,3.886,89547.0,002429
14,2017-01-23,4.062,3.994,4.062,3.954,201640.0,002429
15,2017-01-24,3.958,3.783,4.002,3.755,168981.0,002429
16,2017-01-25,3.775,3.87,3.91,3.747,134473.0,002429
17,2017-01-26,3.886,3.934,3.962,3.854,80123.0,002429
18,2017-02-03,3.95,3.998,4.022,3.93,67526.0,002429
19,2017-02-06,3.998,4.042,4.05,3.93,94791.0,002429
20,2017-02-07,4.014,4.002,4.042,3.978,47670.0,002429
21,2017-02-08,3.99,3.978,4.026,3.95,79758.0,002429
22,2017-02-09,3.994,3.994,4.038,3.966,105011.0,002429
23,2017-02-10,3.998,3.962,4.018,3.934,80979.0,002429
24,2017-02-13,3.97,3.974,4.002,3.942,61749.0,002429
25,2017-02-14,3.978,3.946,3.986,3.946,59999.0,002429
26,2017-02-15,3.954,3.878,3.958,3.87,93785.0,002429
27,2017-02-16,3.894,3.894,3.954,3.791,80208.0,002429
28,2017-02-17,3.91,3.93,3.934,3.886,77374.0,002429
29,2017-02-20,3.93,4.014,4.038,3.926,111271.0,002429
30,2017-02-21,4.014,4.022,4.062,3.99,66540.0,002429
31,2017-02-22,4.038,3.99,4.05,3.982,87598.0,002429
32,2017-02-23,3.994,4.022,4.046,3.994,73732.0,002429
33,2017-02-24,4.03,4.046,4.046,3.998,52390.0,002429
34,2017-02-27,4.062,3.99,4.106,3.97,127551.0,002429
35,2017-02-28,3.994,4.002,4.01,3.97,42432.0,002429
36,2017-03-01,4.006,3.998,4.014,3.982,63112.0,002429
37,2017-03-02,4.006,3.942,4.006,3.942,60083.0,002429
38,2017-03-03,3.946,4.002,4.002,3.934,67035.0,002429
39,2017-03-06,3.998,4.09,4.11,3.982,171606.0,002429
40,2017-03-07,4.102,4.146,4.21,4.066,152809.0,002429
41,2017-03-08,4.126,4.114,4.229,4.106,98174.0,002429
42,2017-03-09,4.142,4.198,4.285,4.094,190227.0,002429
43,2017-03-10,4.182,4.305,4.361,4.182,199194.0,002429
44,2017-03-13,4.317,4.289,4.337,4.257,123029.0,002429
45,2017-03-14,4.313,4.186,4.313,4.182,118205.0,002429
46,2017-03-15,4.17,4.198,4.249,4.158,88707.0,002429
47,2017-03-16,4.198,4.237,4.249,4.19,85433.0,002429
48,2017-03-17,4.225,4.15,4.245,4.134,109376.0,002429
49,2017-03-20,4.154,4.182,4.186,4.114,81043.0,002429
50,2017-03-21,4.178,4.154,4.178,4.122,89035.0,002429
51,2017-03-22,4.134,4.166,4.166,4.118,82824.0,002429
52,2017-03-23,4.166,4.13,4.174,4.082,85547.0,002429
53,2017-03-24,4.138,4.126,4.138,4.066,114292.0,002429
54,2017-03-27,4.122,4.178,4.198,4.102,106495.0,002429
55,2017-03-28,4.182,4.114,4.194,4.114,60203.0,002429
56,2017-03-29,4.118,4.086,4.13,4.078,61613.0,002429
57,2017-03-30,4.082,3.97,4.082,3.934,147247.0,002429
58,2017-03-31,3.97,3.962,3.99,3.922,76105.0,002429
59,2017-04-05,3.966,4.042,4.062,3.966,86129.0,002429
60,2017-04-06,4.054,4.078,4.078,4.022,54059.0,002429
61,2017-04-07,4.186,4.078,4.186,4.03,98494.0,002429
62,2017-04-10,4.146,3.95,4.146,3.934,147824.0,002429
63,2017-04-11,3.934,3.918,3.974,3.85,114783.0,002429
64,2017-04-12,3.89,3.85,3.922,3.838,81250.0,002429
65,2017-04-13,3.842,3.882,3.906,3.842,42279.0,002429
66,2017-04-14,3.862,3.87,3.91,3.854,52411.0,002429
67,2017-04-17,3.862,3.866,3.89,3.814,53051.0,002429
68,2017-04-18,3.854,3.671,3.898,3.647,113255.0,002429
69,2017-04-19,3.611,3.583,3.663,3.511,131894.0,002429
70,2017-04-20,3.583,3.555,3.607,3.515,71283.0,002429
71,2017-04-21,3.563,3.571,3.647,3.539,75730.0,002429
72,2017-04-24,3.559,3.479,3.583,3.471,67830.0,002429
73,2017-04-25,3.483,3.555,3.559,3.479,60561.0,002429
74,2017-04-26,3.535,3.555,3.591,3.523,49481.0,002429
75,2017-04-27,3.543,3.531,3.567,3.503,79664.0,002429
76,2017-04-28,3.539,3.623,3.647,3.527,76374.0,002429
77,2017-05-02,3.631,3.603,3.647,3.591,51607.0,002429
78,2017-05-03,3.611,3.587,3.627,3.571,36551.0,002429
79,2017-05-04,3.571,3.555,3.607,3.535,67601.0,002429
80,2017-05-05,3.535,3.523,3.543,3.467,65794.0,002429
81,2017-05-08,3.527,3.507,3.543,3.491,38489.0,002429
82,2017-05-09,3.511,3.527,3.539,3.487,57006.0,002429
83,2017-05-10,3.527,3.451,3.539,3.451,54378.0,002429
84,2017-05-11,3.451,3.384,3.451,3.292,73818.0,002429
85,2017-05-12,3.412,3.364,3.412,3.336,40919.0,002429
86,2017-05-15,3.38,3.443,3.471,3.38,92135.0,002429
87,2017-05-16,3.451,3.503,3.503,3.415,56984.0,002429
88,2017-05-17,3.483,3.499,3.543,3.479,55088.0,002429
89,2017-05-18,3.483,3.491,3.491,3.455,40113.0,002429
90,2017-05-19,3.491,3.487,3.523,3.463,43196.0,002429
91,2017-05-22,3.467,3.36,3.491,3.316,81710.0,002429
92,2017-05-23,3.368,3.232,3.368,3.212,114030.0,002429
93,2017-05-24,3.224,3.204,3.228,3.156,91347.0,002429
94,2017-05-25,3.196,3.232,3.236,3.164,59339.0,002429
95,2017-05-26,3.244,3.228,3.26,3.22,54598.0,002429
96,2017-05-31,3.264,3.22,3.28,3.204,66687.0,002429
97,2017-06-01,3.22,3.104,3.224,3.104,60420.0,002429
98,2017-06-02,3.116,3.124,3.148,3.044,95395.0,002429
99,2017-06-05,3.168,3.216,3.232,3.16,107424.0,002429
100,2017-06-06,3.196,3.256,3.264,3.196,66637.0,002429
101,2017-06-07,3.256,3.356,3.4,3.24,173411.0,002429
102,2017-06-08,3.38,3.3,3.443,3.292,261195.0,002429
103,2017-06-09,3.29,3.2,3.32,3.16,421035.0,002429
104,2017-06-12,3.18,3.03,3.19,3.03,443047.0,002429
105,2017-06-13,3.03,3.1,3.12,3.02,313079.0,002429
106,2017-06-14,3.09,3.06,3.1,3.05,204444.0,002429
107,2017-06-15,3.07,3.14,3.14,3.06,368572.0,002429
108,2017-06-16,3.13,3.1,3.13,3.09,189641.0,002429
109,2017-06-19,3.1,3.13,3.14,3.09,239786.0,002429
110,2017-06-20,3.15,3.13,3.18,3.12,256209.0,002429
111,2017-06-21,3.14,3.1,3.14,3.06,356834.0,002429
112,2017-06-22,3.1,3.04,3.1,3.03,306064.0,002429
113,2017-06-23,3.02,3.03,3.04,2.98,304208.0,002429
114,2017-06-26,3.04,3.06,3.06,3.01,201522.0,002429
115,2017-06-27,3.06,3.04,3.07,3.02,188617.0,002429
116,2017-06-28,3.03,3.0,3.03,3.0,193695.0,002429
117,2017-06-29,3.0,3.02,3.03,3.0,169647.0,002429
118,2017-06-30,3.03,3.07,3.07,3.01,291737.0,002429
119,2017-07-03,3.08,3.06,3.08,3.05,168191.0,002429
120,2017-07-04,3.06,3.07,3.08,3.05,175672.0,002429
121,2017-07-05,3.07,3.08,3.09,3.06,202598.0,002429
122,2017-07-06,3.09,3.1,3.11,3.07,259406.0,002429
123,2017-07-07,3.1,3.11,3.11,3.08,202064.0,002429
124,2017-07-10,3.1,3.09,3.11,3.07,204554.0,002429
125,2017-07-11,3.08,3.07,3.09,3.06,178862.0,002429
126,2017-07-12,3.06,3.06,3.08,3.03,191182.0,002429
127,2017-07-13,3.05,3.06,3.07,3.03,180429.0,002429
128,2017-07-14,3.06,3.04,3.06,3.02,152644.0,002429
129,2017-07-17,3.08,3.26,3.33,3.05,1534799.0,002429
130,2017-07-18,3.17,3.32,3.34,3.13,1096233.0,002429
131,2017-07-19,3.27,3.29,3.32,3.24,777737.0,002429
132,2017-07-20,3.28,3.28,3.29,3.25,476965.0,002429
133,2017-07-21,3.28,3.31,3.41,3.27,787294.0,002429
134,2017-07-24,3.29,3.36,3.39,3.25,673683.0,002429
135,2017-07-25,3.34,3.31,3.37,3.29,338658.0,002429
136,2017-07-26,3.32,3.29,3.33,3.26,286690.0,002429
137,2017-07-27,3.28,3.3,3.3,3.21,414186.0,002429
138,2017-07-28,3.28,3.25,3.29,3.23,284308.0,002429
139,2017-07-31,3.25,3.27,3.28,3.23,420036.0,002429
140,2017-08-01,3.27,3.32,3.34,3.25,545107.0,002429
141,2017-08-02,3.32,3.25,3.35,3.25,498238.0,002429
142,2017-08-03,3.25,3.25,3.28,3.23,373920.0,002429
143,2017-08-04,3.25,3.23,3.26,3.22,286226.0,002429
144,2017-08-07,3.23,3.27,3.27,3.22,272402.0,002429
145,2017-08-08,3.27,3.29,3.32,3.24,461110.0,002429
146,2017-08-09,3.3,3.26,3.3,3.25,263865.0,002429
147,2017-08-10,3.27,3.22,3.27,3.21,273830.0,002429
148,2017-08-11,3.2,3.12,3.21,3.1,440104.0,002429
149,2017-08-14,3.13,3.19,3.2,3.12,286806.0,002429
150,2017-08-15,3.18,3.18,3.21,3.17,215938.0,002429
151,2017-08-16,3.18,3.22,3.24,3.17,273247.0,002429
152,2017-08-17,3.22,3.25,3.26,3.2,302044.0,002429
153,2017-08-18,3.22,3.23,3.25,3.21,204035.0,002429
154,2017-08-21,3.23,3.25,3.25,3.22,232631.0,002429
155,2017-08-22,3.24,3.23,3.27,3.22,294955.0,002429
156,2017-08-23,3.23,3.21,3.23,3.2,197659.0,002429
157,2017-08-24,3.21,3.2,3.23,3.19,187491.0,002429
158,2017-08-25,3.19,3.22,3.25,3.18,222614.0,002429
159,2017-08-28,3.22,3.25,3.26,3.21,286559.0,002429
160,2017-08-29,3.25,3.22,3.25,3.22,230030.0,002429
161,2017-08-30,3.23,3.22,3.23,3.21,180227.0,002429
162,2017-08-31,3.21,3.22,3.23,3.2,186319.0,002429
163,2017-09-01,3.22,3.21,3.23,3.19,212446.0,002429
164,2017-09-04,3.2,3.23,3.23,3.2,241681.0,002429
165,2017-09-05,3.22,3.21,3.23,3.2,265648.0,002429
166,2017-09-06,3.21,3.3,3.32,3.2,807524.0,002429
167,2017-09-07,3.28,3.24,3.29,3.22,458558.0,002429
168,2017-09-08,3.23,3.25,3.27,3.23,264179.0,002429
169,2017-09-11,3.24,3.25,3.25,3.23,229201.0,002429
170,2017-09-12,3.25,3.22,3.26,3.21,324554.0,002429
171,2017-09-13,3.23,3.25,3.26,3.21,313470.0,002429
172,2017-09-14,3.25,3.27,3.29,3.23,366302.0,002429
173,2017-09-15,3.26,3.23,3.27,3.23,261521.0,002429
174,2017-09-18,3.23,3.26,3.27,3.22,227989.0,002429
175,2017-09-19,3.26,3.28,3.29,3.24,327332.0,002429
176,2017-09-20,3.27,3.45,3.54,3.27,1317315.0,002429
177,2017-09-21,3.45,3.4,3.49,3.37,753826.0,002429
178,2017-09-22,3.39,3.35,3.39,3.33,469088.0,002429
179,2017-09-25,3.33,3.42,3.52,3.33,708468.0,002429
180,2017-09-26,3.4,3.39,3.44,3.36,302253.0,002429
181,2017-09-27,3.4,3.42,3.44,3.35,301815.0,002429
182,2017-09-28,3.41,3.42,3.47,3.4,352996.0,002429
183,2017-09-29,3.4,3.4,3.42,3.38,283084.0,002429
184,2017-10-09,3.42,3.6,3.63,3.4,1116863.0,002429
185,2017-10-10,3.57,3.6,3.66,3.55,779089.0,002429
186,2017-10-11,3.58,3.56,3.71,3.54,811372.0,002429
187,2017-10-12,3.55,3.6,3.63,3.53,451182.0,002429
188,2017-10-13,3.59,3.61,3.65,3.58,396204.0,002429
189,2017-10-16,3.61,3.45,3.61,3.45,627993.0,002429
190,2017-10-17,3.47,3.48,3.5,3.42,227973.0,002429
191,2017-10-18,3.5,3.63,3.73,3.46,1133000.0,002429
192,2017-10-19,3.6,3.55,3.65,3.53,587226.0,002429
193,2017-10-20,3.53,3.61,3.63,3.51,427607.0,002429
194,2017-10-23,3.61,3.67,3.72,3.61,511435.0,002429
195,2017-10-24,3.69,3.67,3.69,3.58,437055.0,002429
196,2017-10-25,3.66,3.76,3.79,3.63,691751.0,002429
197,2017-10-26,3.74,3.7,3.83,3.68,876695.0,002429
198,2017-10-27,3.7,3.66,3.74,3.61,613085.0,002429
199,2017-10-30,3.65,3.5,3.68,3.49,695736.0,002429
200,2017-10-31,3.5,3.56,3.56,3.49,332195.0,002429
201,2017-11-01,3.56,3.52,3.57,3.51,311156.0,002429
202,2017-11-02,3.52,3.41,3.52,3.38,511308.0,002429
203,2017-11-03,3.4,3.4,3.42,3.37,301744.0,002429
204,2017-11-06,3.41,3.51,3.53,3.39,413782.0,002429
205,2017-11-07,3.49,3.52,3.53,3.47,301679.0,002429
206,2017-11-08,3.5,3.46,3.52,3.45,318380.0,002429
207,2017-11-09,3.46,3.53,3.54,3.41,438883.0,002429
208,2017-11-10,3.52,3.62,3.68,3.48,906117.0,002429
209,2017-11-13,3.62,3.72,3.75,3.59,826634.0,002429
210,2017-11-14,3.72,3.65,3.77,3.62,637435.0,002429
211,2017-11-15,3.65,3.81,3.82,3.62,1042145.0,002429
212,2017-11-16,3.77,3.79,3.88,3.74,1087703.0,002429
213,2017-11-17,3.76,3.58,3.79,3.58,857040.0,002429
214,2017-11-20,3.53,3.68,3.69,3.52,561480.0,002429
215,2017-11-21,3.68,3.84,3.85,3.66,1057971.0,002429
216,2017-11-22,3.83,3.8,3.91,3.75,991026.0,002429
217,2017-11-23,3.8,3.77,3.9,3.76,1180039.0,002429
218,2017-11-24,3.77,3.92,3.96,3.65,1198952.0,002429
219,2017-11-27,3.87,3.76,3.97,3.76,1070884.0,002429
220,2017-11-28,3.73,3.92,3.92,3.7,947198.0,002429
221,2017-11-29,3.9,3.87,3.93,3.82,797903.0,002429
222,2017-11-30,3.85,3.89,3.98,3.81,914611.0,002429
223,2017-12-01,3.85,4.0,4.08,3.85,1487759.0,002429
224,2017-12-04,4.0,4.01,4.04,3.93,919362.0,002429
225,2017-12-05,3.99,3.86,4.01,3.8,1091472.0,002429
226,2017-12-06,3.84,4.07,4.07,3.81,1385324.0,002429
227,2017-12-07,4.03,4.01,4.12,3.99,984544.0,002429
228,2017-12-08,4.02,3.98,4.07,3.96,861790.0,002429
229,2017-12-11,3.95,3.99,4.01,3.9,811071.0,002429
230,2017-12-12,3.97,3.92,4.03,3.92,646701.0,002429
231,2017-12-13,3.91,3.95,3.95,3.9,528724.0,002429
232,2017-12-14,3.93,3.96,3.98,3.83,810327.0,002429
233,2017-12-15,3.96,3.83,3.96,3.83,591266.0,002429
234,2017-12-18,3.81,3.74,3.86,3.72,543376.0,002429
235,2017-12-19,3.75,3.77,3.8,3.74,293924.0,002429
236,2017-12-20,3.76,3.77,3.79,3.7,375792.0,002429
237,2017-12-21,3.76,3.83,3.86,3.74,463308.0,002429
238,2017-12-22,3.81,3.82,3.85,3.78,279151.0,002429
239,2017-12-25,3.8,3.73,3.81,3.73,323037.0,002429
240,2017-12-26,3.72,3.64,3.74,3.55,584806.0,002429
241,2017-12-27,3.61,3.61,3.68,3.58,307257.0,002429
242,2017-12-28,3.6,3.51,3.64,3.48,443312.0,002429
243,2017-12-29,3.52,3.58,3.61,3.52,319936.0,002429
244,2018-01-02,3.6,3.61,3.64,3.58,222168.0,002429
245,2018-01-03,3.62,3.63,3.65,3.59,312438.0,002429
246,2018-01-04,3.62,3.63,3.66,3.6,297742.0,002429
247,2018-01-05,3.63,3.56,3.64,3.55,373920.0,002429
248,2018-01-08,3.56,3.59,3.59,3.52,260350.0,002429
249,2018-01-09,3.59,3.56,3.59,3.54,193308.0,002429
250,2018-01-10,3.55,3.48,3.57,3.47,354861.0,002429
251,2018-01-11,3.48,3.61,3.62,3.42,473671.0,002429
252,2018-01-12,3.58,3.54,3.6,3.53,268705.0,002429
253,2018-01-15,3.54,3.45,3.56,3.43,317121.0,002429
254,2018-01-16,3.43,3.42,3.47,3.39,295294.0,002429
255,2018-01-17,3.42,3.44,3.45,3.36,283311.0,002429
256,2018-01-18,3.42,3.41,3.45,3.4,157792.0,002429
257,2018-01-19,3.4,3.36,3.41,3.35,291777.0,002429
258,2018-01-22,3.35,3.36,3.38,3.29,275245.0,002429
259,2018-01-23,3.35,3.32,3.36,3.3,233428.0,002429
260,2018-01-24,3.31,3.36,3.38,3.26,390027.0,002429
261,2018-01-25,3.34,3.35,3.41,3.33,320266.0,002429
262,2018-01-26,3.37,3.36,3.39,3.34,175679.0,002429
263,2018-01-29,3.36,3.31,3.38,3.29,236098.0,002429
264,2018-01-30,3.3,3.3,3.33,3.29,109858.0,002429
265,2018-01-31,3.32,3.39,3.44,3.32,478956.0,002429
266,2018-02-01,3.38,3.3,3.41,3.29,296698.0,002429
267,2018-02-02,3.29,3.22,3.3,3.14,285273.0,002429
268,2018-02-05,3.19,3.23,3.25,3.15,141335.0,002429
269,2018-02-06,3.18,3.03,3.22,3.02,348016.0,002429
270,2018-02-07,3.09,3.07,3.12,3.0,210908.0,002429
271,2018-02-08,3.07,3.11,3.12,3.06,155567.0,002429
272,2018-02-09,3.06,3.08,3.12,3.02,323101.0,002429
273,2018-02-12,3.11,3.17,3.18,3.09,184368.0,002429
274,2018-02-13,3.17,3.16,3.2,3.14,155442.0,002429
275,2018-02-14,3.15,3.13,3.17,3.1,140510.0,002429
276,2018-02-22,3.15,3.18,3.2,3.15,147290.0,002429
277,2018-02-23,3.18,3.17,3.18,3.14,133287.0,002429
278,2018-02-26,3.19,3.26,3.28,3.17,277068.0,002429
279,2018-02-27,3.25,3.25,3.29,3.24,208672.0,002429
280,2018-02-28,3.25,3.35,3.36,3.22,362187.0,002429
281,2018-03-01,3.32,3.37,3.4,3.3,277155.0,002429
282,2018-03-02,3.34,3.3,3.36,3.28,266215.0,002429
283,2018-03-05,3.38,3.39,3.43,3.35,268688.0,002429
284,2018-03-06,3.37,3.41,3.43,3.36,286870.0,002429
285,2018-03-07,3.4,3.47,3.54,3.37,535928.0,002429
286,2018-03-08,3.44,3.45,3.47,3.4,341413.0,002429
287,2018-03-09,3.45,3.46,3.48,3.41,319537.0,002429
288,2018-03-12,3.47,3.49,3.51,3.46,343330.0,002429
289,2018-03-13,3.48,3.46,3.48,3.43,318334.0,002429
290,2018-03-14,3.44,3.35,3.45,3.35,339898.0,002429
291,2018-03-15,3.34,3.37,3.39,3.32,229009.0,002429
292,2018-03-16,3.36,3.45,3.52,3.36,458674.0,002429
293,2018-03-19,3.43,3.39,3.45,3.37,311512.0,002429
294,2018-03-20,3.36,3.35,3.37,3.31,187060.0,002429
295,2018-03-21,3.35,3.3,3.38,3.29,226299.0,002429
296,2018-03-22,3.3,3.24,3.32,3.24,211576.0,002429
297,2018-03-23,3.17,3.05,3.17,3.01,392334.0,002429
298,2018-03-26,3.04,3.11,3.12,3.01,251257.0,002429
299,2018-03-27,3.16,3.18,3.2,3.14,233642.0,002429
300,2018-03-28,3.15,3.15,3.2,3.13,146000.0,002429
301,2018-03-29,3.17,3.18,3.19,3.15,136696.0,002429
302,2018-03-30,3.19,3.24,3.27,3.16,253654.0,002429
303,2018-04-02,3.24,3.27,3.31,3.23,245165.0,002429
304,2018-04-03,3.22,3.18,3.23,3.15,211419.0,002429
305,2018-04-04,3.19,3.14,3.2,3.13,157570.0,002429
306,2018-04-09,3.13,3.14,3.17,3.11,144212.0,002429
307,2018-04-10,3.15,3.17,3.17,3.11,167464.0,002429
308,2018-04-11,3.18,3.16,3.2,3.14,178713.0,002429
309,2018-04-12,3.16,3.13,3.16,3.12,123315.0,002429
310,2018-04-13,3.15,3.14,3.16,3.12,89801.0,002429
311,2018-04-16,3.14,3.12,3.14,3.1,121389.0,002429
312,2018-04-17,3.13,3.14,3.18,3.12,191536.0,002429
313,2018-04-18,3.15,3.22,3.28,3.14,663783.0,002429
314,2018-04-19,3.22,3.2,3.25,3.18,362704.0,002429
315,2018-04-20,3.19,3.3,3.36,3.17,819111.0,002429
316,2018-04-23,3.3,3.33,3.37,3.28,553274.0,002429
317,2018-04-24,3.31,3.35,3.38,3.28,447706.0,002429
318,2018-04-25,3.32,3.3,3.37,3.29,326843.0,002429
319,2018-04-26,3.32,3.3,3.38,3.29,439827.0,002429
320,2018-04-27,3.3,3.23,3.33,3.22,312543.0,002429
321,2018-05-02,3.24,3.23,3.27,3.17,214533.0,002429
322,2018-05-03,3.22,3.3,3.31,3.17,324485.0,002429
323,2018-05-04,3.28,3.26,3.31,3.25,186979.0,002429
324,2018-05-07,3.27,3.27,3.29,3.25,192938.0,002429
325,2018-05-08,3.27,3.26,3.28,3.23,204805.0,002429
326,2018-05-09,3.26,3.28,3.32,3.23,279492.0,002429
327,2018-05-10,3.29,3.26,3.29,3.24,189225.0,002429
328,2018-05-11,3.27,3.25,3.3,3.25,180636.0,002429
329,2018-05-14,3.26,3.2,3.28,3.18,211786.0,002429
330,2018-05-15,3.18,3.19,3.21,3.14,224612.0,002429
331,2018-05-16,3.19,3.14,3.19,3.13,230639.0,002429
332,2018-05-17,3.14,3.13,3.15,3.12,121932.0,002429
333,2018-05-18,3.14,3.13,3.15,3.09,192214.0,002429
334,2018-05-21,3.15,3.17,3.18,3.13,156022.0,002429
335,2018-05-22,3.17,3.18,3.19,3.15,137364.0,002429
336,2018-05-23,3.17,3.12,3.18,3.12,176377.0,002429
337,2018-05-24,3.13,3.11,3.14,3.11,115251.0,002429
338,2018-05-25,3.11,3.08,3.12,3.07,132801.0,002429
339,2018-05-28,3.08,3.07,3.09,3.06,98399.0,002429
340,2018-05-29,3.06,3.06,3.09,3.05,86436.0,002429
341,2018-05-30,3.03,3.0,3.06,3.0,217087.0,002429
342,2018-05-31,3.02,3.04,3.05,3.01,118807.0,002429
343,2018-06-01,3.03,3.02,3.05,3.02,109317.0,002429
344,2018-06-04,3.05,3.05,3.07,3.04,81534.0,002429
345,2018-06-05,3.05,3.09,3.1,3.05,120670.0,002429
346,2018-06-06,3.08,3.08,3.1,3.06,71776.0,002429
347,2018-06-07,3.08,3.03,3.09,3.02,115941.0,002429
348,2018-06-08,3.03,3.04,3.04,3.01,117109.0,002429
349,2018-06-11,3.03,3.03,3.06,3.02,89296.0,002429
350,2018-06-12,3.02,3.04,3.05,3.01,104648.0,002429
351,2018-06-13,3.03,3.01,3.04,3.01,87096.0,002429
352,2018-06-14,3.01,2.98,3.04,2.98,141567.0,002429
353,2018-06-15,2.98,2.82,3.0,2.82,306476.0,002429
354,2018-06-19,2.8,2.54,2.8,2.54,387884.0,002429
355,2018-06-20,2.48,2.55,2.57,2.48,222179.0,002429
356,2018-06-21,2.55,2.43,2.56,2.43,219190.0,002429
357,2018-06-22,2.43,2.43,2.48,2.31,227238.0,002429
358,2018-06-25,2.46,2.4,2.47,2.4,145457.0,002429
359,2018-06-26,2.37,2.43,2.45,2.32,163494.0,002429
360,2018-06-27,2.44,2.43,2.47,2.42,137627.0,002429
361,2018-06-28,2.43,2.41,2.45,2.4,129307.0,002429
362,2018-06-29,2.4,2.48,2.49,2.4,175360.0,002429
363,2018-07-02,2.47,2.43,2.48,2.41,152029.0,002429
364,2018-07-03,2.43,2.49,2.5,2.41,206362.0,002429
365,2018-07-04,2.47,2.44,2.49,2.43,122656.0,002429
366,2018-07-05,2.44,2.36,2.46,2.35,141892.0,002429
367,2018-07-06,2.36,2.42,2.43,2.32,175184.0,002429
368,2018-07-09,2.42,2.46,2.48,2.4,140674.0,002429
369,2018-07-10,2.46,2.47,2.49,2.45,122055.0,002429
370,2018-07-11,2.45,2.4,2.46,2.38,138870.0,002429
371,2018-07-12,2.41,2.47,2.49,2.4,181456.0,002429
372,2018-07-13,2.48,2.46,2.48,2.45,95493.0,002429
373,2018-07-16,2.43,2.42,2.43,2.37,164036.0,002429
374,2018-07-17,2.42,2.42,2.43,2.4,79036.0,002429
375,2018-07-18,2.41,2.41,2.44,2.4,101200.0,002429
376,2018-07-19,2.41,2.34,2.42,2.33,171682.0,002429
377,2018-07-20,2.35,2.37,2.38,2.32,144931.0,002429
378,2018-07-23,2.36,2.41,2.42,2.35,164174.0,002429
379,2018-07-24,2.41,2.46,2.48,2.39,200467.0,002429
380,2018-07-25,2.46,2.47,2.48,2.43,182035.0,002429
381,2018-07-26,2.46,2.55,2.68,2.46,391744.0,002429
382,2018-07-27,2.56,2.61,2.75,2.52,482060.0,002429
383,2018-07-30,2.6,2.53,2.6,2.51,276085.0,002429
384,2018-07-31,2.53,2.5,2.53,2.48,125564.0,002429
385,2018-08-01,2.51,2.47,2.54,2.46,163891.0,002429
386,2018-08-02,2.46,2.38,2.46,2.33,179435.0,002429
387,2018-08-03,2.38,2.37,2.41,2.35,86282.0,002429
388,2018-08-06,2.35,2.35,2.38,2.33,103770.0,002429
389,2018-08-07,2.35,2.41,2.42,2.35,113810.0,002429
390,2018-08-08,2.42,2.38,2.42,2.37,96125.0,002429
391,2018-08-09,2.38,2.49,2.49,2.35,260252.0,002429
392,2018-08-10,2.47,2.48,2.49,2.44,161821.0,002429
393,2018-08-13,2.44,2.47,2.49,2.4,143274.0,002429
394,2018-08-14,2.48,2.45,2.48,2.43,95891.0,002429
395,2018-08-15,2.44,2.39,2.45,2.37,171911.0,002429
396,2018-08-16,2.37,2.37,2.41,2.34,93859.0,002429
397,2018-08-17,2.39,2.34,2.41,2.34,95877.0,002429
398,2018-08-20,2.35,2.37,2.38,2.33,91062.0,002429
399,2018-08-21,2.37,2.38,2.4,2.36,67832.0,002429
400,2018-08-22,2.38,2.36,2.38,2.35,67169.0,002429
401,2018-08-23,2.36,2.36,2.38,2.35,65625.0,002429
402,2018-08-24,2.36,2.35,2.37,2.33,103761.0,002429
403,2018-08-27,2.35,2.39,2.41,2.35,138999.0,002429
404,2018-08-28,2.39,2.38,2.4,2.37,74957.0,002429
405,2018-08-29,2.38,2.35,2.38,2.34,92399.0,002429
406,2018-08-30,2.35,2.33,2.36,2.32,84430.0,002429
407,2018-08-31,2.33,2.23,2.33,2.23,234596.0,002429
408,2018-09-03,2.22,2.16,2.22,2.14,239643.0,002429
409,2018-09-04,2.15,2.18,2.2,2.14,143645.0,002429
410,2018-09-05,2.16,2.18,2.21,2.15,187893.0,002429
411,2018-09-06,2.17,2.16,2.2,2.14,110635.0,002429
412,2018-09-07,2.15,2.16,2.19,2.15,92607.0,002429
413,2018-09-10,2.16,2.09,2.17,2.09,109897.0,002429
414,2018-09-11,2.09,2.1,2.11,2.08,88516.0,002429
415,2018-09-12,2.1,2.1,2.13,2.08,103209.0,002429
416,2018-09-13,2.12,2.11,2.13,2.08,97561.0,002429
417,2018-09-14,2.11,2.1,2.12,2.1,76403.0,002429
418,2018-09-17,2.1,2.05,2.1,2.04,123316.0,002429
419,2018-09-18,2.04,2.08,2.1,2.04,102669.0,002429
420,2018-09-19,2.08,2.1,2.12,2.07,127411.0,002429
421,2018-09-20,2.1,2.12,2.15,2.09,163969.0,002429
422,2018-09-21,2.12,2.14,2.15,2.09,187893.0,002429
423,2018-09-25,2.13,2.11,2.13,2.1,96049.0,002429
424,2018-09-26,2.12,2.12,2.13,2.1,91185.0,002429
425,2018-09-27,2.11,2.08,2.12,2.08,83429.0,002429
426,2018-09-28,2.08,2.13,2.14,2.07,169902.0,002429
427,2018-10-08,2.1,2.07,2.11,2.07,147397.0,002429
428,2018-10-09,2.07,2.07,2.09,2.06,70977.0,002429
429,2018-10-10,2.07,2.07,2.08,2.06,62321.0,002429
430,2018-10-11,2.03,1.87,2.03,1.86,333725.0,002429
431,2018-10-12,1.82,1.79,1.85,1.68,271678.0,002429
432,2018-10-15,1.8,1.76,1.82,1.76,112654.0,002429
433,2018-10-16,1.77,1.73,1.8,1.71,126786.0,002429
434,2018-10-17,1.75,1.77,1.79,1.73,115464.0,002429
435,2018-10-18,1.76,1.71,1.76,1.7,129619.0,002429
436,2018-10-19,1.66,1.73,1.74,1.65,131112.0,002429
437,2018-10-22,1.75,1.82,1.86,1.74,223932.0,002429
438,2018-10-23,1.82,1.82,1.86,1.8,141057.0,002429
439,2018-10-24,1.81,1.82,1.85,1.8,104138.0,002429
440,2018-10-25,1.78,1.82,1.82,1.75,120912.0,002429
441,2018-10-26,1.82,1.84,1.85,1.82,114299.0,002429
442,2018-10-29,1.83,1.83,1.85,1.82,79214.0,002429
443,2018-10-30,1.82,1.89,1.96,1.76,249574.0,002429
444,2018-10-31,1.86,1.89,1.92,1.86,183850.0,002429
445,2018-11-01,1.9,1.91,1.94,1.89,194600.0,002429
446,2018-11-02,1.91,1.94,1.95,1.91,163347.0,002429
447,2018-11-05,1.94,1.98,1.98,1.94,169740.0,002429
448,2018-11-06,1.97,1.97,1.97,1.93,117859.0,002429
449,2018-11-07,1.96,1.95,1.98,1.94,129168.0,002429
450,2018-11-08,1.95,1.98,2.01,1.95,228947.0,002429
451,2018-11-09,1.97,1.96,1.98,1.95,140788.0,002429
452,2018-11-12,1.95,2.04,2.04,1.94,250328.0,002429
453,2018-11-13,2.06,2.18,2.24,2.06,660504.0,002429
454,2018-11-14,2.17,2.16,2.22,2.15,356672.0,002429
455,2018-11-15,2.2,2.18,2.21,2.16,256959.0,002429
456,2018-11-16,2.18,2.2,2.22,2.18,250180.0,002429
457,2018-11-19,2.18,2.17,2.21,2.15,225256.0,002429
458,2018-11-20,2.16,2.08,2.16,2.07,212713.0,002429
459,2018-11-21,2.05,2.09,2.1,2.04,144343.0,002429
460,2018-11-22,2.11,2.18,2.22,2.1,409633.0,002429
461,2018-11-23,2.18,2.06,2.21,2.06,315841.0,002429
462,2018-11-26,2.07,2.09,2.11,2.04,149823.0,002429
463,2018-11-27,2.1,2.08,2.11,2.06,112001.0,002429
464,2018-11-28,2.08,2.11,2.12,2.02,188914.0,002429
465,2018-11-29,2.12,2.03,2.12,2.03,188619.0,002429
466,2018-11-30,2.03,2.02,2.05,1.98,144501.0,002429
467,2018-12-03,2.08,2.11,2.12,2.07,225514.0,002429
468,2018-12-04,2.09,2.11,2.11,2.08,124916.0,002429
469,2018-12-05,2.08,2.09,2.1,2.07,138039.0,002429
470,2018-12-06,2.08,2.04,2.08,2.04,140512.0,002429
471,2018-12-07,2.05,2.05,2.06,2.02,79141.0,002429
472,2018-12-10,2.03,2.01,2.04,2.0,88844.0,002429
473,2018-12-11,2.01,2.04,2.04,2.01,72729.0,002429
474,2018-12-12,2.04,2.04,2.05,2.02,54690.0,002429
475,2018-12-13,2.03,2.06,2.07,2.02,97713.0,002429
476,2018-12-14,2.06,2.03,2.07,2.01,100517.0,002429
477,2018-12-17,2.01,2.02,2.03,2.0,64663.0,002429
478,2018-12-18,2.01,2.0,2.02,1.98,84170.0,002429
479,2018-12-19,1.99,1.96,2.0,1.95,90853.0,002429
480,2018-12-20,1.94,1.97,1.97,1.93,74147.0,002429
481,2018-12-21,1.96,1.96,1.96,1.93,56973.0,002429
482,2018-12-24,1.95,1.97,1.98,1.94,60067.0,002429
483,2018-12-25,1.96,1.93,1.96,1.88,104526.0,002429
484,2018-12-26,1.93,1.93,1.94,1.91,53385.0,002429
485,2018-12-27,1.95,1.9,1.96,1.88,77430.0,002429
486,2018-12-28,1.9,1.9,1.9,1.85,81742.0,002429
487,2019-01-02,1.9,1.9,1.91,1.87,64430.0,002429
488,2019-01-03,1.9,1.9,1.92,1.87,55477.0,002429
489,2019-01-04,1.88,1.94,1.94,1.85,119474.0,002429
490,2019-01-07,1.94,2.0,2.0,1.94,138865.0,002429
491,2019-01-08,2.0,2.04,2.06,1.98,210271.0,002429
492,2019-01-09,2.03,2.04,2.07,2.03,231205.0,002429
493,2019-01-10,2.03,2.06,2.08,2.03,171336.0,002429
494,2019-01-11,2.05,2.08,2.11,2.04,204106.0,002429
495,2019-01-14,2.08,2.07,2.09,2.04,156032.0,002429
496,2019-01-15,2.07,2.07,2.09,2.05,123180.0,002429
497,2019-01-16,2.08,2.05,2.09,2.04,144482.0,002429
498,2019-01-17,2.06,2.08,2.14,2.05,314060.0,002429
499,2019-01-18,2.08,2.08,2.12,2.05,221510.0,002429
500,2019-01-21,2.08,2.07,2.09,2.05,124764.0,002429
501,2019-01-22,2.06,2.04,2.07,2.02,152222.0,002429
502,2019-01-23,2.02,2.03,2.04,2.01,85144.0,002429
503,2019-01-24,2.03,2.1,2.14,2.02,475533.0,002429
504,2019-01-25,2.09,2.15,2.28,2.06,674850.0,002429
505,2019-01-28,2.14,2.06,2.17,2.04,428160.0,002429
506,2019-01-29,2.05,1.99,2.05,1.94,248574.0,002429
507,2019-01-30,1.99,1.96,2.01,1.96,107098.0,002429
508,2019-01-31,1.96,1.94,2.0,1.93,153696.0,002429
509,2019-02-01,1.95,2.0,2.0,1.95,106172.0,002429
510,2019-02-11,2.0,2.07,2.08,2.0,188838.0,002429
511,2019-02-12,2.06,2.12,2.14,2.05,230888.0,002429
512,2019-02-13,2.11,2.22,2.27,2.11,668247.0,002429
513,2019-02-14,2.21,2.19,2.25,2.17,402815.0,002429
514,2019-02-15,2.2,2.18,2.24,2.17,380771.0,002429
515,2019-02-18,2.2,2.4,2.4,2.2,1177875.0,002429
516,2019-02-19,2.46,2.64,2.64,2.41,1403006.0,002429
517,2019-02-20,2.69,2.63,2.72,2.51,1666265.0,002429
518,2019-02-21,2.56,2.54,2.63,2.51,1017997.0,002429
519,2019-02-22,2.51,2.55,2.56,2.46,702915.0,002429
520,2019-02-25,2.55,2.81,2.81,2.55,1475843.0,002429
521,2019-02-26,2.93,2.8,3.08,2.78,1971991.0,002429
522,2019-02-27,2.73,2.76,2.85,2.7,866698.0,002429
523,2019-02-28,2.77,2.78,2.87,2.76,536267.0,002429
524,2019-03-01,2.8,2.79,2.83,2.7,478823.0,002429
525,2019-03-04,2.97,2.91,3.07,2.89,1232115.0,002429
526,2019-03-05,2.9,3.2,3.2,2.85,1850987.0,002429
527,2019-03-06,3.36,3.3,3.49,3.2,2093164.0,002429
528,2019-03-07,3.3,3.28,3.39,3.17,1455999.0,002429
529,2019-03-08,3.19,3.32,3.6,3.09,2108977.0,002429
530,2019-03-11,3.39,3.45,3.55,3.28,1441861.0,002429
531,2019-03-12,3.43,3.57,3.58,3.36,1694604.0,002429
532,2019-03-13,3.55,3.33,3.55,3.22,1313285.0,002429
533,2019-03-14,3.28,3.07,3.37,3.02,1017242.0,002429
534,2019-03-15,3.11,3.09,3.17,3.03,611769.0,002429
535,2019-03-18,3.09,3.15,3.16,3.04,505607.0,002429
536,2019-03-19,3.15,3.16,3.19,3.11,484058.0,002429
537,2019-03-20,3.15,3.14,3.17,3.05,541487.0,002429
538,2019-03-21,3.15,3.33,3.44,3.11,1349222.0,002429
539,2019-03-22,3.31,3.31,3.39,3.2,852373.0,002429
540,2019-03-25,3.62,3.64,3.64,3.32,2055959.0,002429
541,2019-03-26,3.59,3.31,3.59,3.28,1792920.0,002429
542,2019-03-27,3.3,3.24,3.37,3.12,860826.0,002429
543,2019-03-28,3.24,3.16,3.32,3.14,585285.0,002429
544,2019-03-29,3.13,3.27,3.28,3.12,624671.0,002429
545,2019-04-01,3.3,3.37,3.45,3.28,782638.0,002429
546,2019-04-02,3.38,3.4,3.5,3.33,898961.0,002429
547,2019-04-03,3.36,3.39,3.39,3.3,524411.0,002429
548,2019-04-04,3.4,3.35,3.4,3.31,558178.0,002429
549,2019-04-08,3.35,3.24,3.38,3.18,631680.0,002429
550,2019-04-09,3.22,3.27,3.32,3.21,386051.0,002429
551,2019-04-10,3.24,3.21,3.25,3.18,430616.0,002429
552,2019-04-11,3.22,3.12,3.23,3.12,423255.0,002429
553,2019-04-12,3.1,3.13,3.15,3.09,244057.0,002429
554,2019-04-15,3.16,3.1,3.2,3.09,261895.0,002429
555,2019-04-16,3.08,3.18,3.19,3.06,353570.0,002429
556,2019-04-17,3.17,3.2,3.26,3.14,524853.0,002429
557,2019-04-18,3.26,3.39,3.52,3.23,1933267.0,002429
558,2019-04-19,3.22,3.23,3.28,3.15,1294739.0,002429
559,2019-04-22,3.22,3.17,3.22,3.15,465351.0,002429
560,2019-04-23,3.19,3.13,3.19,3.12,318095.0,002429
561,2019-04-24,3.13,3.23,3.27,3.12,487123.0,002429
562,2019-04-25,3.21,3.1,3.21,3.1,440984.0,002429
563,2019-04-26,3.08,3.06,3.12,3.06,234064.0,002429
564,2019-04-29,3.06,2.92,3.1,2.85,389653.0,002429
565,2019-04-30,2.93,3.01,3.02,2.91,209085.0,002429
566,2019-05-06,2.94,2.76,2.98,2.72,447723.0,002429
567,2019-05-07,2.76,2.8,2.85,2.72,241277.0,002429
568,2019-05-08,2.76,2.77,2.84,2.67,248008.0,002429
569,2019-05-09,2.74,2.79,2.84,2.73,232055.0,002429
570,2019-05-10,2.82,2.94,2.95,2.78,427960.0,002429
571,2019-05-13,2.94,3.03,3.08,2.88,514145.0,002429
572,2019-05-14,2.98,2.96,3.01,2.95,318558.0,002429
573,2019-05-15,2.97,3.0,3.02,2.96,255858.0,002429
574,2019-05-16,3.0,2.98,3.01,2.96,255706.0,002429
575,2019-05-17,2.98,2.85,3.01,2.82,316930.0,002429
576,2019-05-20,2.88,2.95,2.98,2.83,296504.0,002429
577,2019-05-21,2.93,2.94,2.98,2.85,257991.0,002429
578,2019-05-22,2.94,3.01,3.05,2.91,357311.0,002429
579,2019-05-23,2.97,2.89,2.98,2.87,304517.0,002429
580,2019-05-24,2.88,2.85,2.91,2.84,123817.0,002429
581,2019-05-27,2.87,2.97,2.97,2.83,269269.0,002429
582,2019-05-28,2.97,2.94,2.99,2.93,217558.0,002429
583,2019-05-29,2.93,2.97,3.04,2.91,325722.0,002429
584,2019-05-30,2.95,2.89,2.96,2.86,310797.0,002429
585,2019-05-31,2.89,2.89,2.93,2.87,145657.0,002429
586,2019-06-03,2.9,2.84,2.91,2.81,156272.0,002429
587,2019-06-04,2.83,2.79,2.84,2.75,159343.0,002429
588,2019-06-05,2.81,2.79,2.84,2.77,96902.0,002429
589,2019-06-06,2.78,2.72,2.79,2.71,122202.0,002429
590,2019-06-10,2.73,2.74,2.77,2.72,83685.0,002429
591,2019-06-11,2.74,2.85,2.85,2.73,204335.0,002429
592,2019-06-12,2.83,2.81,2.86,2.8,141789.0,002429
593,2019-06-13,2.8,2.83,2.85,2.79,108859.0,002429
594,2019-06-14,2.84,2.77,2.85,2.76,129297.0,002429
595,2019-06-17,2.79,2.78,2.81,2.77,75726.0,002429
596,2019-06-18,2.77,2.77,2.79,2.75,67588.0,002429
597,2019-06-19,2.81,2.79,2.85,2.77,157966.0,002429
598,2019-06-20,2.79,2.81,2.85,2.78,233058.0,002429
599,2019-06-21,2.83,2.83,2.85,2.82,244851.0,002429
600,2019-06-24,2.84,2.81,2.84,2.8,138255.0,002429
601,2019-06-25,2.81,2.77,2.81,2.75,158473.0,002429
602,2019-06-26,2.77,2.77,2.8,2.75,80024.0,002429
603,2019-06-27,2.78,2.78,2.8,2.77,89665.0,002429
604,2019-06-28,2.78,2.74,2.79,2.73,128968.0,002429
605,2019-07-01,2.79,2.83,2.84,2.77,227764.0,002429
606,2019-07-02,3.03,2.92,3.03,2.91,608632.0,002429
607,2019-07-03,2.91,2.97,3.01,2.86,380253.0,002429
608,2019-07-04,2.94,2.92,2.99,2.9,298796.0,002429
609,2019-07-05,2.92,2.93,2.95,2.91,139388.0,002429
610,2019-07-08,2.93,2.85,2.94,2.84,200259.0,002429
611,2019-07-09,2.85,2.86,2.87,2.82,112203.0,002429
612,2019-07-10,2.86,2.87,2.88,2.84,122281.0,002429
613,2019-07-11,2.88,2.84,2.89,2.83,115404.0,002429
614,2019-07-12,2.85,2.85,2.88,2.83,100411.0,002429
615,2019-07-15,2.84,2.91,2.92,2.8,205948.0,002429
616,2019-07-16,2.9,2.93,2.95,2.89,185161.0,002429
617,2019-07-17,2.93,2.97,3.01,2.91,338486.0,002429
618,2019-07-18,2.95,2.93,2.96,2.92,195478.0,002429
619,2019-07-19,2.94,2.94,2.98,2.93,154561.0,002429
620,2019-07-22,2.95,2.86,2.96,2.82,202879.0,002429
621,2019-07-23,2.88,2.89,2.9,2.86,93469.0,002429
622,2019-07-24,2.9,2.95,2.99,2.88,291427.0,002429
623,2019-07-25,2.93,2.95,2.99,2.91,239217.0,002429
624,2019-07-26,2.95,2.93,2.95,2.92,108233.0,002429
625,2019-07-29,2.93,2.92,2.95,2.91,106337.0,002429
626,2019-07-30,2.92,2.92,2.95,2.91,123902.0,002429
627,2019-07-31,2.91,2.87,2.92,2.86,158323.0,002429
628,2019-08-01,2.87,2.82,2.87,2.82,146939.0,002429
629,2019-08-02,2.79,2.76,2.79,2.75,183975.0,002429
630,2019-08-05,2.76,2.77,2.85,2.75,186269.0,002429
631,2019-08-06,2.72,2.7,2.72,2.62,230631.0,002429
632,2019-08-07,2.71,2.66,2.73,2.65,96512.0,002429
633,2019-08-08,2.67,2.67,2.69,2.66,88986.0,002429
634,2019-08-09,2.68,2.66,2.72,2.65,127657.0,002429
635,2019-08-12,2.69,2.7,2.71,2.63,162826.0,002429
636,2019-08-13,2.67,2.64,2.67,2.63,108490.0,002429
637,2019-08-14,2.67,2.68,2.73,2.67,178184.0,002429
638,2019-08-15,2.61,2.66,2.68,2.56,136481.0,002429
639,2019-08-16,2.66,2.67,2.7,2.65,111656.0,002429
640,2019-08-19,2.76,2.81,2.82,2.73,361870.0,002429
641,2019-08-20,2.81,2.88,3.03,2.81,525660.0,002429
642,2019-08-21,2.86,2.86,2.93,2.83,327535.0,002429
643,2019-08-22,2.91,2.96,2.99,2.89,487213.0,002429
644,2019-08-23,2.92,2.88,2.94,2.86,315781.0,002429
645,2019-08-26,2.85,3.02,3.05,2.82,767487.0,002429
646,2019-08-27,3.01,3.0,3.04,2.97,516173.0,002429
647,2019-08-28,3.0,2.93,3.01,2.93,313192.0,002429
648,2019-08-29,2.95,2.95,3.03,2.94,253938.0,002429
649,2019-08-30,2.96,2.87,2.98,2.84,270052.0,002429
650,2019-09-02,2.87,2.97,2.99,2.87,328444.0,002429
651,2019-09-03,2.98,3.03,3.07,2.95,481163.0,002429
652,2019-09-04,3.0,3.01,3.02,2.97,326928.0,002429
653,2019-09-05,3.02,3.05,3.06,3.0,507226.0,002429
654,2019-09-06,3.04,3.02,3.06,2.98,331493.0,002429
655,2019-09-09,3.03,3.08,3.08,3.01,424394.0,002429
656,2019-09-10,3.06,3.07,3.13,3.03,355325.0,002429
657,2019-09-11,3.08,3.03,3.1,3.03,255123.0,002429
658,2019-09-12,3.05,3.01,3.06,2.99,273517.0,002429
659,2019-09-16,3.03,3.01,3.05,3.01,203333.0,002429
660,2019-09-17,3.02,2.92,3.02,2.91,250651.0,002429
661,2019-09-18,2.94,2.92,2.94,2.9,181765.0,002429
662,2019-09-19,2.93,2.96,2.97,2.91,176245.0,002429
663,2019-09-20,2.96,2.98,2.99,2.94,200235.0,002429
664,2019-09-23,2.97,2.93,2.97,2.91,138738.0,002429
665,2019-09-24,2.93,2.92,2.96,2.9,150124.0,002429
666,2019-09-25,2.92,2.83,2.92,2.81,264911.0,002429
667,2019-09-26,2.84,2.75,2.85,2.75,159758.0,002429
668,2019-09-27,2.77,2.8,2.82,2.77,97589.0,002429
669,2019-09-30,2.81,2.79,2.84,2.79,76415.0,002429
670,2019-10-08,2.8,2.81,2.84,2.79,98329.0,002429
671,2019-10-09,2.8,2.83,2.83,2.76,92181.0,002429
672,2019-10-10,2.83,2.87,2.87,2.81,133849.0,002429
673,2019-10-11,2.87,2.88,2.89,2.84,147429.0,002429
674,2019-10-14,2.9,2.89,2.94,2.86,243173.0,002429
675,2019-10-15,2.99,2.96,3.05,2.92,530685.0,002429
676,2019-10-16,2.93,2.9,2.95,2.88,290748.0,002429
677,2019-10-17,2.9,2.91,2.93,2.89,144825.0,002429
678,2019-10-18,2.91,2.86,2.93,2.85,180113.0,002429
679,2019-10-21,2.85,2.84,2.87,2.82,108521.0,002429
680,2019-10-22,2.84,2.86,2.88,2.84,102600.0,002429
681,2019-10-23,2.87,2.84,2.87,2.82,90850.0,002429
682,2019-10-24,2.84,2.84,2.85,2.82,84506.0,002429
683,2019-10-25,2.85,2.88,2.88,2.82,119041.0,002429
684,2019-10-28,2.88,2.95,2.95,2.87,229424.0,002429
685,2019-10-29,2.94,2.92,2.95,2.91,167449.0,002429
686,2019-10-30,2.92,2.92,2.94,2.9,142322.0,002429
687,2019-10-31,2.91,2.95,3.03,2.91,443941.0,002429
688,2019-11-01,2.94,2.97,3.0,2.92,321282.0,002429
689,2019-11-04,2.98,2.95,2.99,2.94,210867.0,002429
690,2019-11-05,2.94,3.05,3.08,2.94,644516.0,002429
691,2019-11-06,3.05,3.05,3.12,3.02,460660.0,002429
692,2019-11-07,3.05,3.06,3.1,3.03,342830.0,002429
693,2019-11-08,3.09,3.03,3.11,3.03,337009.0,002429
694,2019-11-11,3.01,2.92,3.02,2.9,283561.0,002429
695,2019-11-12,2.93,2.9,2.94,2.87,177577.0,002429
696,2019-11-13,2.92,2.86,2.92,2.85,154799.0,002429
697,2019-11-14,2.89,2.92,2.95,2.87,181609.0,002429
698,2019-11-15,2.91,2.81,2.93,2.8,263441.0,002429
699,2019-11-18,2.82,2.84,2.85,2.8,144718.0,002429
700,2019-11-19,2.84,2.87,2.88,2.82,126922.0,002429
701,2019-11-20,2.88,2.85,2.89,2.84,127487.0,002429
702,2019-11-21,2.84,2.84,2.85,2.82,114796.0,002429
703,2019-11-22,2.84,2.83,2.87,2.81,157145.0,002429
704,2019-11-25,2.84,2.82,2.84,2.77,148136.0,002429
705,2019-11-26,2.83,2.85,2.88,2.82,161384.0,002429
706,2019-11-27,2.85,2.88,2.9,2.85,198689.0,002429
707,2019-11-28,2.87,2.91,2.93,2.86,199092.0,002429
708,2019-11-29,2.91,2.92,2.92,2.88,121076.0,002429
709,2019-12-02,2.92,2.9,2.95,2.89,107843.0,002429
710,2019-12-03,2.89,2.89,2.91,2.87,96030.0,002429
711,2019-12-04,2.89,2.97,3.0,2.88,250954.0,002429
712,2019-12-05,2.97,3.0,3.01,2.94,300453.0,002429
713,2019-12-06,3.0,3.02,3.03,2.97,229894.0,002429
714,2019-12-09,3.01,3.01,3.06,3.0,242599.0,002429
715,2019-12-10,3.02,3.07,3.12,3.01,497723.0,002429
716,2019-12-11,3.09,3.1,3.24,3.07,615879.0,002429
717,2019-12-12,3.1,3.26,3.34,3.08,956040.0,002429
718,2019-12-13,3.26,3.25,3.3,3.19,633357.0,002429
719,2019-12-16,3.34,3.51,3.58,3.28,1380792.0,002429
720,2019-12-17,3.52,3.71,3.84,3.44,1671429.0,002429
721,2019-12-18,3.69,3.71,3.83,3.63,1403349.0,002429
722,2019-12-19,3.69,3.64,3.74,3.6,870116.0,002429
723,2019-12-20,3.62,3.48,3.68,3.48,1058294.0,002429
724,2019-12-23,3.46,3.44,3.56,3.43,705668.0,002429
725,2019-12-24,3.44,3.51,3.53,3.36,522466.0,002429
726,2019-12-25,3.51,3.47,3.52,3.43,513054.0,002429
727,2019-12-26,3.5,3.51,3.56,3.46,681171.0,002429
728,2019-12-27,3.56,3.41,3.58,3.41,701829.0,002429
729,2019-12-30,3.38,3.44,3.48,3.28,519803.0,002429
730,2019-12-31,3.45,3.48,3.53,3.44,358817.0,002429
731,2020-01-02,3.51,3.52,3.55,3.48,535614.0,002429
732,2020-01-03,3.54,3.63,3.72,3.53,1001079.0,002429
733,2020-01-06,3.58,3.75,3.76,3.55,1004414.0,002429
734,2020-01-07,3.73,3.7,3.75,3.64,684405.0,002429
735,2020-01-08,3.66,3.65,3.77,3.64,779367.0,002429
736,2020-01-09,3.68,3.65,3.72,3.61,545711.0,002429
737,2020-01-10,3.67,3.6,3.69,3.58,434477.0,002429
738,2020-01-13,3.58,3.68,3.68,3.57,464839.0,002429
739,2020-01-14,3.68,3.62,3.72,3.6,407912.0,002429
740,2020-01-15,3.6,3.62,3.63,3.55,330971.0,002429
741,2020-01-16,3.62,3.87,3.94,3.58,1543505.0,002429
742,2020-01-17,3.84,3.91,4.04,3.82,1321821.0,002429
743,2020-01-20,3.83,4.0,4.03,3.81,1008138.0,002429
744,2020-01-21,3.95,3.9,4.09,3.88,864146.0,002429
745,2020-01-22,3.9,4.02,4.05,3.84,817024.0,002429
746,2020-01-23,3.99,3.89,4.11,3.81,1135706.0,002429
747,2020-02-03,3.5,3.5,3.7,3.5,1105690.0,002429
748,2020-02-04,3.5,3.85,3.85,3.5,1252198.0,002429
749,2020-02-05,3.92,4.24,4.24,3.86,1854113.0,002429
750,2020-02-06,4.27,4.32,4.44,4.19,1760071.0,002429
751,2020-02-07,4.36,4.28,4.41,4.16,1535656.0,002429
752,2020-02-10,4.29,4.32,4.5,4.24,1346072.0,002429
753,2020-02-11,4.31,4.19,4.36,4.18,1001713.0,002429
754,2020-02-12,4.23,4.41,4.48,4.22,1497111.0,002429
755,2020-02-13,4.37,4.33,4.42,4.27,1062490.0,002429
756,2020-02-14,4.32,4.4,4.5,4.26,1377062.0,002429
757,2020-02-17,4.61,4.55,4.66,4.41,1731569.0,002429
758,2020-02-18,4.5,4.53,4.55,4.43,1318278.0,002429
759,2020-02-19,4.47,4.41,4.54,4.4,1108999.0,002429
760,2020-02-20,4.39,4.85,4.85,4.39,1869278.0,002429
761,2020-02-21,5.15,5.34,5.34,5.06,3331278.0,002429
762,2020-02-24,5.38,5.87,5.87,5.27,3345186.0,002429
763,2020-02-25,5.64,6.46,6.46,5.64,3683488.0,002429
764,2020-02-26,6.72,6.3,6.97,6.23,3927119.0,002429
765,2020-02-27,6.22,5.96,6.48,5.67,3337690.0,002429
766,2020-02-28,5.74,5.36,5.83,5.36,2566108.0,002429
767,2020-03-02,5.55,5.56,5.72,5.39,2235143.0,002429
768,2020-03-03,5.66,5.7,6.02,5.56,2247497.0,002429
769,2020-03-04,5.58,5.41,5.58,5.15,1941520.0,002429
770,2020-03-05,5.53,5.68,5.68,5.38,1719412.0,002429
771,2020-03-06,5.49,5.48,5.56,5.43,1215498.0,002429
772,2020-03-09,5.29,5.15,5.46,5.13,1259540.0,002429
773,2020-03-10,4.88,5.41,5.42,4.88,1666036.0,002429
774,2020-03-11,5.27,4.97,5.27,4.97,1900932.0,002429
775,2020-03-12,4.85,4.7,4.89,4.61,1261744.0,002429
776,2020-03-13,4.48,4.75,4.93,4.4,1378993.0,002429
777,2020-03-16,4.75,4.33,4.82,4.29,1172164.0,002429
778,2020-03-17,4.42,4.6,4.69,4.33,1547273.0,002429
779,2020-03-18,4.64,4.64,4.91,4.61,1556980.0,002429
780,2020-03-19,4.6,4.87,4.88,4.6,1351273.0,002429
781,2020-03-20,4.92,4.79,4.95,4.68,1070465.0,002429
782,2020-03-23,4.59,4.4,4.68,4.36,920800.0,002429
783,2020-03-24,4.56,4.5,4.59,4.29,862579.0,002429
784,2020-03-25,4.61,4.57,4.75,4.56,985904.0,002429
785,2020-03-26,4.51,4.43,4.55,4.4,606260.0,002429
786,2020-03-27,4.55,4.39,4.56,4.38,509295.0,002429
787,2020-03-30,4.3,4.17,4.33,4.06,757916.0,002429
788,2020-03-31,4.24,4.11,4.26,4.1,476935.0,002429
789,2020-04-01,4.09,4.22,4.38,4.07,887755.0,002429
790,2020-04-02,4.23,4.44,4.48,4.16,838735.0,002429
791,2020-04-03,4.42,4.32,4.43,4.28,546034.0,002429
792,2020-04-07,4.45,4.51,4.56,4.4,711115.0,002429
793,2020-04-08,4.48,4.72,4.88,4.46,1130702.0,002429
794,2020-04-09,4.72,4.69,4.76,4.63,641920.0,002429
795,2020-04-10,4.68,4.54,4.7,4.47,593067.0,002429
796,2020-04-13,4.49,4.37,4.49,4.36,523362.0,002429
797,2020-04-14,4.44,4.49,4.53,4.39,532613.0,002429
798,2020-04-15,4.47,4.4,4.54,4.4,614719.0,002429
799,2020-04-16,4.37,4.38,4.39,4.25,550609.0,002429
800,2020-04-17,4.42,4.42,4.55,4.4,709907.0,002429
801,2020-04-20,4.59,4.54,4.7,4.51,913049.0,002429
802,2020-04-21,4.5,4.43,4.5,4.38,510263.0,002429
803,2020-04-22,4.36,4.45,4.46,4.32,378775.0,002429
804,2020-04-23,4.46,4.34,4.48,4.33,409555.0,002429
805,2020-04-24,4.33,4.18,4.38,4.15,490196.0,002429
806,2020-04-27,4.16,4.18,4.24,4.1,294263.0,002429
807,2020-04-28,4.29,4.24,4.29,4.08,480323.0,002429
808,2020-04-29,4.18,4.2,4.26,4.16,276174.0,002429
809,2020-04-30,4.23,4.47,4.53,4.23,888413.0,002429
810,2020-05-06,4.41,4.61,4.62,4.38,895440.0,002429
811,2020-05-07,4.6,4.5,4.65,4.49,638043.0,002429
812,2020-05-08,4.56,4.57,4.63,4.52,623512.0,002429
813,2020-05-11,4.62,4.56,4.71,4.5,685517.0,002429
814,2020-05-12,4.51,4.61,4.61,4.43,495995.0,002429
815,2020-05-13,4.56,5.07,5.07,4.54,1709967.0,002429
816,2020-05-14,5.07,5.03,5.22,4.96,1801821.0,002429
817,2020-05-15,5.08,5.1,5.19,5.01,1269659.0,002429
818,2020-05-18,5.08,4.89,5.21,4.85,1243233.0,002429
819,2020-05-19,4.98,5.14,5.19,4.91,1302855.0,002429
820,2020-05-20,5.09,5.22,5.28,4.95,1391378.0,002429
821,2020-05-21,5.18,5.13,5.39,5.12,1511539.0,002429
822,2020-05-22,5.05,5.15,5.29,5.03,1185003.0,002429
823,2020-05-25,5.1,4.83,5.14,4.79,1177307.0,002429
824,2020-05-26,4.85,4.96,4.98,4.84,620244.0,002429
825,2020-05-27,4.98,4.83,4.98,4.8,629653.0,002429
826,2020-05-28,4.78,4.69,4.84,4.61,724536.0,002429
827,2020-05-29,4.64,4.77,4.83,4.63,595572.0,002429
828,2020-06-01,4.8,5.06,5.15,4.78,1120260.0,002429
829,2020-06-02,5.08,5.22,5.33,5.04,1475321.0,002429
830,2020-06-03,5.26,5.19,5.34,5.15,1488037.0,002429
831,2020-06-04,5.21,5.13,5.3,5.08,868208.0,002429
832,2020-06-05,5.17,5.22,5.23,5.06,1022703.0,002429
833,2020-06-08,5.28,5.29,5.4,5.21,1285028.0,002429
834,2020-06-09,5.26,5.15,5.27,5.1,801799.0,002429
835,2020-06-10,5.11,5.12,5.17,5.06,470307.0,002429
836,2020-06-11,5.14,4.99,5.15,4.96,798235.0,002429
837,2020-06-12,4.82,4.98,5.05,4.82,672155.0,002429
838,2020-06-15,4.99,4.89,5.03,4.87,540317.0,002429
839,2020-06-16,4.93,4.98,5.04,4.93,508572.0,002429
840,2020-06-17,5.0,4.92,5.02,4.86,473100.0,002429
841,2020-06-18,4.92,5.0,5.03,4.88,541994.0,002429
842,2020-06-19,5.02,5.0,5.04,4.95,523635.0,002429
843,2020-06-22,4.98,5.16,5.16,4.98,837410.0,002429
844,2020-06-23,5.19,5.09,5.22,5.06,607431.0,002429
845,2020-06-24,5.07,5.01,5.11,5.01,397013.0,002429
846,2020-06-29,5.0,4.87,5.0,4.84,571451.0,002429
847,2020-06-30,4.91,4.95,4.97,4.9,340536.0,002429
848,2020-07-01,4.95,4.86,4.96,4.8,562377.0,002429
849,2020-07-02,4.86,5.0,5.02,4.82,711006.0,002429
850,2020-07-03,5.03,5.05,5.09,4.94,704394.0,002429
851,2020-07-06,5.12,5.51,5.55,5.07,1849314.0,002429
852,2020-07-07,5.61,5.61,5.83,5.57,1708350.0,002429
853,2020-07-08,5.61,6.16,6.17,5.61,1828549.0,002429
854,2020-07-09,6.16,6.44,6.61,6.01,1993702.0,002429
855,2020-07-10,6.37,6.38,6.65,6.25,1485692.0,002429
856,2020-07-13,6.74,6.98,7.02,6.4,1986052.0,002429
857,2020-07-14,6.96,6.44,6.99,6.28,2021306.0,002429
858,2020-07-15,6.6,6.39,6.65,6.25,1762576.0,002429
859,2020-07-16,6.4,5.96,6.52,5.9,1491509.0,002429
860,2020-07-17,6.1,6.48,6.56,6.06,2409972.0,002429
861,2020-07-20,6.66,6.66,6.82,6.36,1861010.0,002429
862,2020-07-21,6.6,7.33,7.33,6.53,2161284.0,002429
863,2020-07-22,7.37,7.31,7.58,7.19,2747031.0,002429
864,2020-07-23,7.3,7.22,7.47,6.98,1921098.0,002429
865,2020-07-24,7.14,6.5,7.22,6.5,2144449.0,002429
866,2020-07-27,6.46,6.41,6.59,6.3,1036562.0,002429
867,2020-07-28,6.49,6.49,6.64,6.4,879467.0,002429
868,2020-07-29,6.44,6.92,6.97,6.42,1272537.0,002429
869,2020-07-30,6.97,6.97,7.16,6.85,1362221.0,002429
870,2020-07-31,6.93,7.35,7.53,6.9,1724836.0,002429
